cam0:
  cam_overlaps:
  - 1
  camera_model: pinhole
  distortion_coeffs:
  - 0.3003110930681312
  - 0.38051061889903653
  - -0.3791518042779037
  - 0.06284268254980876
  distortion_model: equidistant
  intrinsics:
  - 458.6712456043089
  - 456.4033368997829
  - 324.30753733748287
  - 260.42286536380544
  resolution:
  - 640
  - 480
  rostopic: /oak_ros/oak1/left/image_rect_raw
cam1:
  T_cn_cnm1:
  - - 0.9999647619005827
    - 0.007778704953950909
    - -0.003157009082760611
    - -0.07598416567136052
  - - -0.0077483821458198664
    - 0.9999247954651151
    - 0.009506102680296497
    - 9.497506609384886e-05
  - - 0.0032307168293729057
    - -0.009481305990494132
    - 0.9999498323943464
    - -0.0001278053153724235
  - - 0.0
    - 0.0
    - 0.0
    - 1.0
  cam_overlaps:
  - 0
  camera_model: pinhole
  distortion_coeffs:
  - 0.29647578041259676
  - 0.4960552390221544
  - -0.9523192542592499
  - 0.8438304016510374
  distortion_model: equidistant
  intrinsics:
  - 457.06014915772204
  - 454.56050065540734
  - 305.63716337572475
  - 232.4487615973528
  resolution:
  - 640
  - 480
  rostopic: /oak_ros/oak1/right/image_rect_raw