cam0:
  cam_overlaps:
  - 1
  camera_model: pinhole
  distortion_coeffs:
  - 0.339613123203933
  - 0.17268715804643714
  - 0.17330807305098267
  - -0.3932332587904656
  distortion_model: equidistant
  intrinsics:
  - 452.6688776276649
  - 450.2222360873502
  - 330.4364556867282
  - 229.16678183451856
  resolution:
  - 640
  - 480
  rostopic: /oak_ros/oak1/left/image_rect_raw
cam1:
  T_cn_cnm1:
  - - 0.9999796525089324
    - -0.005799838364475387
    - -0.0026563966300851794
    - -0.07639704727729059
  - - 0.005787692579226348
    - 0.9999728661354964
    - -0.004557368469250392
    - -0.0006913891940847276
  - - 0.0026827565522679654
    - 0.004541901331172756
    - 0.999986086878
    - 0.000628718321696513
  - - 0.0
    - 0.0
    - 0.0
    - 1.0
  cam_overlaps:
  - 0
  camera_model: pinhole
  distortion_coeffs:
  - 0.3148114567892708
  - 0.32069319278425623
  - -0.31280257663297234
  - 0.07634993969664917
  distortion_model: equidistant
  intrinsics:
  - 457.8176759095824
  - 455.6855547807265
  - 335.2269321299431
  - 238.31876016624497
  resolution:
  - 640
  - 480
  rostopic: /oak_ros/oak1/right/image_rect_raw
