cam0:
  cam_overlaps: [1]
  camera_model: pinhole
  distortion_coeffs: [0.2977699349352067, 0.42359883101366863, -0.6848243097599932,
    0.5741618878739464]
  distortion_model: equidistant
  intrinsics: [456.55875710362267, 454.5343137264577, 308.7858325058422, 237.0976031850818]
  resolution: [640, 480]
  rostopic: /oak_ros/oak1/left/image_rect_raw
cam1:
  T_cn_cnm1:
  - [0.9985915069113377, -0.003463450371665953, -0.05294343052793643, -0.07511845460902382]
  - [0.004296758896476698, 0.999868551013863, 0.01563389127579381, 3.8180907869429825e-05]
  - [0.05288232396112119, -0.015839356204113864, 0.9984751246813863, -0.0009525304361795692]
  - [0.0, 0.0, 0.0, 1.0]
  cam_overlaps: [0]
  camera_model: pinhole
  distortion_coeffs: [0.32454806668733494, 0.3261788282857604, -0.4137137221980773,
    0.3832655399135467]
  distortion_model: equidistant
  intrinsics: [454.0281649064527, 452.02405492675047, 316.10118973591534, 234.3100377765494]
  resolution: [640, 480]
  rostopic: /oak_ros/oak1/right/image_rect_raw