cam0:
  cam_overlaps:
  - 1
  camera_model: pinhole
  distortion_coeffs:
  - 0.5311603273804479
  - -1.1085903335305125
  - 2.738664754243618
  - -2.20346353306423
  distortion_model: equidistant
  intrinsics:
  - 401.11067500490174
  - 399.1866075485596
  - 317.4874832550559
  - 201.2766296433834
  resolution:
  - 640
  - 400
  rostopic: /oak_ros/oak1/left/image_rect_raw
cam1:
  T_cn_cnm1:
  - - 0.9998324690641887
    - 0.015365623478915574
    - -0.009946427504981755
    - -0.0744868398468575
  - - -0.015327735383256194
    - 0.9998750173204635
    - 0.0038743085090161477
    - -0.00048121798116063303
  - - 0.010004715539611072
    - -0.00372120323368091
    - 0.9999430275338013
    - 0.00036543395460836574
  - - 0.0
    - 0.0
    - 0.0
    - 1.0
  cam_overlaps:
  - 0
  camera_model: pinhole
  distortion_coeffs:
  - 0.520544077772569
  - -1.0207505261554002
  - 2.412733941502521
  - -1.8168390869182893
  distortion_model: equidistant
  intrinsics:
  - 402.6608285690764
  - 400.6002103985466
  - 314.72769872717583
  - 189.13909084144862
  resolution:
  - 640
  - 400
  rostopic: /oak_ros/oak1/right/image_rect_raw