cam0:
  cam_overlaps:
  - 1
  camera_model: pinhole
  distortion_coeffs:
  - 0.3225911399195942
  - 0.2679318637583539
  - -0.20754545854332546
  - 0.08755725362384648
  distortion_model: equidistant
  intrinsics:
  - 456.09744677855514
  - 453.679465040197
  - 307.65231111385657
  - 230.00854462145526
  resolution:
  - 640
  - 480
  rostopic: /oak_ros/oak1/left/image_rect_raw
cam1:
  T_cn_cnm1:
  - - 0.9997289257123708
    - 0.0007071050540227874
    - -0.023271766078907033
    - -0.07479418833983309
  - - -0.0004499486475108254
    - 0.9999388066658987
    - 0.011053527481886817
    - -8.808167360303788e-06
  - - 0.02327815800709746
    - -0.011040060055126482
    - 0.9996680671271718
    - 0.00014537390633927486
  - - 0.0
    - 0.0
    - 0.0
    - 1.0
  cam_overlaps:
  - 0
  camera_model: pinhole
  distortion_coeffs:
  - 0.3055853049771842
  - 0.3933991765376436
  - -0.6581464512102398
  - 0.5962898727410032
  distortion_model: equidistant
  intrinsics:
  - 457.3869370491711
  - 455.06431400141577
  - 327.7694735708102
  - 244.93465258928296
  resolution:
  - 640
  - 480
  rostopic: /oak_ros/oak1/right/image_rect_raw
