cam0:
  cam_overlaps:
  - 1
  camera_model: pinhole
  distortion_coeffs:
  - 0.2856828948558096
  - 0.509817131515866
  - -1.083126250013315
  - 1.1776746302359336
  distortion_model: equidistant
  intrinsics:
  - 455.48921832319377
  - 453.41084972729124
  - 308.1884629854215
  - 239.82587857030245
  resolution:
  - 640
  - 480
  rostopic: /oak_ros/oak1/left/image_rect_raw
cam1:
  T_cn_cnm1:
  - - 0.9988822577010444
    - -0.003769352289589441
    - -0.04711716495479694
    - -0.07464214774005117
  - - 0.004606748858943528
    - 0.9998331420121452
    - 0.017676707811927535
    - 2.7353207735689416e-05
  - - 0.047042673340395955
    - -0.017874006753792065
    - 0.9987329506767815
    - -0.0005332880989586914
  - - 0.0
    - 0.0
    - 0.0
    - 1.0
  cam_overlaps:
  - 0
  camera_model: pinhole
  distortion_coeffs:
  - 0.3262012877428491
  - 0.27761762538182777
  - -0.20417516096329896
  - 0.10458647242663514
  distortion_model: equidistant
  intrinsics:
  - 452.78748623092235
  - 450.775088027041
  - 315.2157589370726
  - 237.23956624294863
  resolution:
  - 640
  - 480
  rostopic: /oak_ros/oak1/right/image_rect_raw
