cam0:
  cam_overlaps:
  - 1
  camera_model: pinhole
  distortion_coeffs:
  - 0.5149215821078236
  - -0.9363794944906455
  - 2.2084168004019937
  - -1.6246709203996987
  distortion_model: equidistant
  intrinsics:
  - 399.128241964431
  - 397.5549250434802
  - 329.08003232066005
  - 186.5185877468429
  resolution:
  - 640
  - 400
  rostopic: /oak_ros/oak1/left/image_rect_raw
cam1:
  T_cn_cnm1:
  - - 0.9999864298915307
    - 0.004805077434296357
    - 0.002012775109858837
    - -0.07469774192337943
  - - -0.004800254167651263
    - 0.9999856122392631
    - -0.002394342163104701
    - 0.00131342479956706
  - - -0.0020242511500300556
    - 0.0023846478395121887
    - 0.9999951079190162
    - 0.0004316076560771535
  - - 0.0
    - 0.0
    - 0.0
    - 1.0
  cam_overlaps:
  - 0
  camera_model: pinhole
  distortion_coeffs:
  - 0.5014648196499082
  - -0.9015553248162824
  - 2.0216008094373183
  - -1.4201341172961217
  distortion_model: equidistant
  intrinsics:
  - 407.85796033872936
  - 405.47936044241465
  - 315.00902456047487
  - 191.18084713361185
  resolution:
  - 640
  - 400
  rostopic: /oak_ros/oak1/right/image_rect_raw
