cam0:
  cam_overlaps:
  - 1
  camera_model: pinhole
  distortion_coeffs:
  - 0.5110553614470749
  - -0.8640908328862098
  - 1.861528613683955
  - -1.1678443312021014
  distortion_model: equidistant
  intrinsics:
  - 400.9613935302615
  - 399.14442600300043
  - 319.25706151175825
  - 194.23606380792785
  resolution:
  - 640
  - 400
  rostopic: /oak_ros/oak1/left/image_rect_raw
cam1:
  T_cn_cnm1:
  - - 0.9999327835561044
    - 0.01149550951345599
    - 0.0015105067909631053
    - -0.07525447279431403
  - - -0.011488515418420199
    - 0.9999236066233015
    - -0.004560145932786175
    - -0.0016502590231935984
  - - -0.0015628125992019097
    - 0.004542485935435323
    - 0.9999884616525856
    - 8.38530163929147e-06
  - - 0.0
    - 0.0
    - 0.0
    - 1.0
  cam_overlaps:
  - 0
  camera_model: pinhole
  distortion_coeffs:
  - 0.5228327042673282
  - -0.9655825496416665
  - 2.2898414692897737
  - -1.6724239979379991
  distortion_model: equidistant
  intrinsics:
  - 399.32998555622856
  - 397.4099067835607
  - 314.4796911520138
  - 191.47757747347944
  resolution:
  - 640
  - 400
  rostopic: /oak_ros/oak1/right/image_rect_raw
