cam0:
  cam_overlaps:
  - 1
  camera_model: pinhole
  distortion_coeffs:
  - 0.32713209467525356
  - 0.22334535020653676
  - -0.04741527843420345
  - -0.10204729358181415
  distortion_model: equidistant
  intrinsics:
  - 456.9824878365067
  - 454.16749992577496
  - 308.03916239540274
  - 230.13185936040952
  resolution:
  - 640
  - 480
  rostopic: /oak_ros/oak1/left/image_rect_raw
cam1:
  T_cn_cnm1:
  - - 0.9997308169351852
    - 0.0010021806740757439
    - -0.023179501806586848
    - -0.07428097438222368
  - - -0.0008145400572454591
    - 0.99996683731051
    - 0.008103135424568407
    - -0.0002445900246635021
  - - 0.023186853917687853
    - -0.008082073565011763
    - 0.9996984794888343
    - 0.0008028226066206462
  - - 0.0
    - 0.0
    - 0.0
    - 1.0
  cam_overlaps:
  - 0
  camera_model: pinhole
  distortion_coeffs:
  - 0.29139535913310655
  - 0.4508059431655922
  - -0.705370892198895
  - 0.4970853181733338
  distortion_model: equidistant
  intrinsics:
  - 458.51161163124834
  - 456.12646487678387
  - 328.3044463346443
  - 245.1969868209107
  resolution:
  - 640
  - 480
  rostopic: /oak_ros/oak1/right/image_rect_raw