cam0:
  cam_overlaps:
  - 1
  camera_model: pinhole
  distortion_coeffs:
  - 0.33696788848364706
  - 0.1228609564389602
  - 0.2629518096332692
  - -0.4722682755353481
  distortion_model: equidistant
  intrinsics:
  - 456.97133765406346
  - 454.91720389066097
  - 331.8793826769401
  - 242.19136423542037
  resolution:
  - 640
  - 480
  rostopic: /oak_ros/oak1/left/image_rect_raw
cam1:
  T_cn_cnm1:
  - - 0.9999873053553415
    - -0.00017857901015110153
    - -0.005035597055395743
    - -0.07556593144992325
  - - 0.00026701985135130923
    - 0.9998456363503728
    - 0.01756793020026091
    - 0.00025501028660605596
  - - 0.005031682478670644
    - -0.017569051786006793
    - 0.9998329913494446
    - -0.0006430948618607271
  - - 0.0
    - 0.0
    - 0.0
    - 1.0
  cam_overlaps:
  - 0
  camera_model: pinhole
  distortion_coeffs:
  - 0.2964297028150029
  - 0.4214973544401256
  - -0.6307136561972649
  - 0.45316626055346465
  distortion_model: equidistant
  intrinsics:
  - 458.69361346722843
  - 456.6241511965427
  - 306.174436292642
  - 216.6644864125442
  resolution:
  - 640
  - 480
  rostopic: /oak_ros/oak1/right/image_rect_raw
