cam0:
  cam_overlaps:
  - 1
  camera_model: pinhole
  distortion_coeffs:
  - 0.30379849940292997
  - 0.3830535445747294
  - -0.531735983354881
  - 0.3961739041619919
  distortion_model: equidistant
  intrinsics:
  - 459.544601077679
  - 457.47256674859085
  - 321.9399486035611
  - 261.11526281067694
  resolution:
  - 640
  - 480
  rostopic: /oak_ros/oak1/left/image_rect_raw
cam1:
  T_cn_cnm1:
  - - 0.9999732936372939
    - -0.0034080451748762417
    - 0.006465078519921866
    - -0.07596208482086947
  - - 0.0034357403110991743
    - 0.9999849490286369
    - -0.004277546575982836
    - -0.0007029653219390643
  - - -0.006450403142241614
    - 0.004299644669157802
    - 0.9999699522260767
    - -0.00047734250586033253
  - - 0.0
    - 0.0
    - 0.0
    - 1.0
  cam_overlaps:
  - 0
  camera_model: pinhole
  distortion_coeffs:
  - 0.3532356659368329
  - 0.1683694621709887
  - 0.038274812281941746
  - -0.10166680090291658
  distortion_model: equidistant
  intrinsics:
  - 451.1069520109369
  - 448.86149537840015
  - 321.4074077999393
  - 252.88386624865254
  resolution:
  - 640
  - 480
  rostopic: /oak_ros/oak1/right/image_rect_raw