cam0:
  cam_overlaps: [1]
  camera_model: pinhole
  distortion_coeffs: [0.291396958163983, 0.460028787069838, -0.809852878359297, 0.7150709533876494]
  distortion_model: equidistant
  intrinsics: [456.34236705517543, 454.146626246767, 308.7744670669173, 237.12087320229236]
  resolution: [640, 480]
  rostopic: /oak_ros/oak1/left/image_rect_raw
cam1:
  T_cn_cnm1:
  - [0.9985775766630046, -0.0035954019267368043, -0.05319677124439929, -0.0750128268263705]
  - [0.004437306750008039, 0.9998666404448968, 0.015716603775760295, 4.106760792738466e-05]
  - [0.05313316943915602, -0.015930298503892732, 0.998460360702882, -0.0009430026325717592]
  - [0.0, 0.0, 0.0, 1.0]
  cam_overlaps: [0]
  camera_model: pinhole
  distortion_coeffs: [0.29589898095855577, 0.5628592383172444, -1.228556545971869,
    1.327862503616213]
  distortion_model: equidistant
  intrinsics: [454.0362255475923, 452.001164832826, 316.1470990992526, 234.30046727928323]
  resolution: [640, 480]
  rostopic: /oak_ros/oak1/right/image_rect_raw