cam0:
  cam_overlaps:
  - 1
  camera_model: pinhole
  distortion_coeffs:
  - 0.28328083350839806
  - 0.5338946850912506
  - -0.967971219862551
  - 0.835776425562606
  distortion_model: equidistant
  intrinsics:
  - 459.1950505274261
  - 456.88240953660033
  - 322.44503940567137
  - 260.518936121493
  resolution:
  - 640
  - 480
  rostopic: /oak_ros/oak1/left/image_rect_raw
cam1:
  T_cn_cnm1:
  - - 0.9999795589524695
    - -0.003244512405825621
    - 0.005509520530127122
    - -0.07595588450370734
  - - 0.0032742716439987645
    - 0.9999800538715097
    - -0.005401018823590632
    - -0.0005078518932976462
  - - -0.005491886963945474
    - 0.005418948087951974
    - 0.9999702366466685
    - -0.0016133378732897906
  - - 0.0
    - 0.0
    - 0.0
    - 1.0
  cam_overlaps:
  - 0
  camera_model: pinhole
  distortion_coeffs:
  - 0.35517789729985155
  - 0.19314087445555864
  - -0.0970082386942684
  - 0.09516508650506864
  distortion_model: equidistant
  intrinsics:
  - 449.966593440774
  - 447.8521890027609
  - 322.176806882038
  - 253.04315326654438
  resolution:
  - 640
  - 480
  rostopic: /oak_ros/oak1/right/image_rect_raw
