cam0:
  cam_overlaps:
  - 1
  camera_model: pinhole
  distortion_coeffs:
  - 0.3795217733309257
  - 0.4970334077428848
  - -2.06050860909832
  - 2.6669718114159693
  distortion_model: equidistant
  intrinsics:
  - 842.6341596931217
  - 837.9877702322264
  - 643.0818969517454
  - 366.54325811850094
  resolution:
  - 1280
  - 720
  rostopic: /oak_ros/oak1/left/image_rect_raw
cam1:
  T_cn_cnm1:
  - - 0.9998475462554891
    - 0.01745717129950409
    - 0.00036251495914797505
    - -0.07613715475733818
  - - -0.01745687845111387
    - 0.999847300342972
    - -0.0007958590402128223
    - 0.0017690257013536093
  - - -0.00037635305083330014
    - 0.0007894093289434829
    - 0.9999996175955722
    - -0.002769935507125424
  - - 0.0
    - 0.0
    - 0.0
    - 1.0
  cam_overlaps:
  - 0
  camera_model: pinhole
  distortion_coeffs:
  - 0.3913897760001218
  - 0.4371848181853575
  - -1.9169466942659592
  - 2.5112505477287095
  distortion_model: equidistant
  intrinsics:
  - 839.064379446737
  - 835.0373109753264
  - 633.7744735618558
  - 370.24237227818986
  resolution:
  - 1280
  - 720
  rostopic: /oak_ros/oak1/right/image_rect_raw