cam0:
  cam_overlaps:
  - 1
  camera_model: pinhole
  distortion_coeffs:
  - 0.3215175602295048
  - 0.2553748473040056
  - -0.12260329967093349
  - -0.07903539994502219
  distortion_model: equidistant
  intrinsics:
  - 460.5456855406013
  - 458.3077597815146
  - 349.2360774683847
  - 248.14768325913124
  resolution:
  - 640
  - 480
  rostopic: /oak_ros/oak1/left/image_rect_raw
cam1:
  T_cn_cnm1:
  - - 0.9999028329131386
    - 0.009194737316855741
    - 0.010477668536304762
    - -0.07516355316113461
  - - -0.009338332632083578
    - 0.9998620028180853
    - 0.013739390971302624
    - -0.0003418241170836898
  - - -0.010349892556698994
    - -0.013835899908707405
    - 0.9998507126555363
    - -0.0014100104365695333
  - - 0.0
    - 0.0
    - 0.0
    - 1.0
  cam_overlaps:
  - 0
  camera_model: pinhole
  distortion_coeffs:
  - 0.3013794837219523
  - 0.39769925314137705
  - -0.6195340706405158
  - 0.5300978176471662
  distortion_model: equidistant
  intrinsics:
  - 458.4246524183635
  - 456.09360732436187
  - 311.5931264430327
  - 238.13505524138333
  resolution:
  - 640
  - 480
  rostopic: /oak_ros/oak1/right/image_rect_raw