cam0:
  cam_overlaps:
  - 1
  camera_model: pinhole
  distortion_coeffs:
  - 0.4989696915168618
  - -0.8106923371029157
  - 1.8156573589286735
  - -1.1991358338674585
  distortion_model: equidistant
  intrinsics:
  - 398.98568610049233
  - 397.0805673633787
  - 315.0758878796419
  - 205.9388007073972
  resolution:
  - 640
  - 400
  rostopic: /oak_ros/oak1/left/image_rect_raw
cam1:
  T_cn_cnm1:
  - - 0.9999491000361762
    - 0.006326396104214151
    - -0.007859646886193901
    - -0.07444127707919926
  - - -0.006315967025440605
    - 0.9999791414246324
    - 0.0013510278273900316
    - 0.0004302764122382559
  - - 0.00786803008234084
    - -0.0013013177895576835
    - 0.9999681998316926
    - -0.0001412035277759358
  - - 0.0
    - 0.0
    - 0.0
    - 1.0
  cam_overlaps:
  - 0
  camera_model: pinhole
  distortion_coeffs:
  - 0.49229363601799414
  - -0.7372395556628357
  - 1.6002409996277316
  - -0.9432800002324204
  distortion_model: equidistant
  intrinsics:
  - 397.3896041125228
  - 395.2873710935588
  - 324.5703983762423
  - 198.99948851728854
  resolution:
  - 640
  - 400
  rostopic: /oak_ros/oak1/right/image_rect_raw